0	0.34	0.69	1.03	1.37	1.72	2.06	2.41	2.75	3.09	3.44	3.78	4.12	4.47	4.81	5.15	5.5	5.84	6.19	6.53	6.87	7.22	7.56	7.9	8.25	8.59	8.93	9.28	9.62	9.96
0	0.69	1.38	2.07	2.76	3.45	4.14	4.83	5.52	6.21	6.9	7.58	8.27	8.96	9.65	10.34	11.03	11.72	12.41	13.1	13.79	14.48	15.17	15.86	16.55	17.24	17.93	18.62	19.31	20
0	1.04	2.07	3.11	4.14	5.18	6.21	7.25	8.28	9.32	10.35	11.39	12.43	13.46	14.5	15.53	16.57	17.6	18.64	19.67	20.71	21.74	22.78	23.82	24.85	25.89	26.92	27.96	28.99	30.03
0	1.38	2.76	4.15	5.53	6.91	8.29	9.68	11.06	12.44	13.82	15.21	16.59	17.97	19.35	20.74	22.12	23.5	24.88	26.27	27.65	29.03	30.41	31.8	33.18	34.56	35.94	37.33	38.71	40.09
0	1.73	3.46	5.19	6.92	8.65	10.37	12.1	13.83	15.56	17.29	19.02	20.75	22.48	24.21	25.94	27.66	29.39	31.12	32.85	34.58	36.31	38.04	39.77	41.5	43.23	44.96	46.68	48.41	50.14
0	0.0202	0.0403	0.0605	0.0806	0.1008	0.121	0.1411	0.1613	0.1814	0.2016	0.2217	0.2419	0.2621	0.2822	0.3024	0.3225	0.3427	0.3629	0.383	0.4032	0.4233	0.4435	0.4637	0.4838	0.504	0.5241	0.5443	0.5644	0.5846
0	0.0202	0.0405	0.0607	0.0809	0.1011	0.1214	0.1416	0.1618	0.182	0.2023	0.2225	0.2427	0.2629	0.2832	0.3034	0.3236	0.3438	0.3641	0.3843	0.4045	0.4248	0.445	0.4652	0.4854	0.5057	0.5259	0.5461	0.5663	0.5866
0	0.0202	0.0405	0.0607	0.081	0.1012	0.1215	0.1417	0.162	0.1822	0.2025	0.2227	0.243	0.2632	0.2835	0.3037	0.324	0.3442	0.3645	0.3847	0.405	0.4252	0.4455	0.4657	0.486	0.5062	0.5265	0.5467	0.567	0.5872
0	0.0203	0.0406	0.0608	0.0811	0.1014	0.1217	0.1419	0.1622	0.1825	0.2028	0.223	0.2433	0.2636	0.2839	0.3041	0.3244	0.3447	0.365	0.3852	0.4055	0.4258	0.4461	0.4664	0.4866	0.5069	0.5272	0.5475	0.5677	0.588
0	0.0203	0.0406	0.0609	0.0812	0.1014	0.1217	0.142	0.1623	0.1826	0.2029	0.2232	0.2435	0.2637	0.284	0.3043	0.3246	0.3449	0.3652	0.3855	0.4058	0.426	0.4463	0.4666	0.4869	0.5072	0.5275	0.5478	0.5681	0.5883
0.0772	0.0758	0.0743	0.0727	0.071	0.0692	0.0673	0.0653	0.0632	0.0609	0.0586	0.0562	0.0536	0.051	0.0482	0.0453	0.0424	0.0394	0.0363	0.0331	0.0299	0.0266	0.0232	0.0199	0.0165	0.0131	0.0098	0.0064	0.0031	0
0.0775	0.0761	0.0746	0.073	0.0713	0.0694	0.0675	0.0655	0.0634	0.0612	0.0588	0.0564	0.0538	0.0512	0.0484	0.0455	0.0425	0.0395	0.0364	0.0332	0.0299	0.0267	0.0233	0.02	0.0166	0.0132	0.0098	0.0065	0.0032	0
0.0778	0.0764	0.0749	0.0733	0.0716	0.0698	0.0678	0.0658	0.0637	0.0615	0.0591	0.0566	0.0541	0.0514	0.0486	0.0457	0.0427	0.0397	0.0365	0.0333	0.0301	0.0268	0.0234	0.0201	0.0167	0.0133	0.0099	0.0066	0.0033	0
0.0782	0.0768	0.0753	0.0737	0.0719	0.0701	0.0682	0.0662	0.064	0.0618	0.0594	0.0569	0.0544	0.0516	0.0488	0.0459	0.0429	0.0398	0.0367	0.0335	0.0302	0.0269	0.0235	0.0201	0.0167	0.0133	0.0099	0.0066	0.0032	0
0.0787	0.0773	0.0758	0.0742	0.0724	0.0706	0.0687	0.0666	0.0645	0.0622	0.0598	0.0573	0.0547	0.052	0.0492	0.0462	0.0432	0.0401	0.0369	0.0337	0.0304	0.0271	0.0237	0.0203	0.0168	0.0134	0.01	0.0066	0.0032	0
0.0283	0.0285	0.0286	0.0287	0.0288	0.0289	0.0289	0.0288	0.0287	0.0286	0.0284	0.0281	0.0278	0.0274	0.0269	0.0263	0.0257	0.025	0.0242	0.0234	0.0224	0.0215	0.0204	0.0193	0.0181	0.0169	0.0156	0.0143	0.0129	0.0115
0.0259	0.0261	0.0262	0.0264	0.0265	0.0266	0.0266	0.0266	0.0265	0.0264	0.0262	0.0259	0.0256	0.0251	0.0246	0.0241	0.0234	0.0227	0.0219	0.021	0.02	0.019	0.0179	0.0167	0.0155	0.0142	0.0128	0.0113	0.0099	0.0083
0.0249	0.0251	0.0253	0.0254	0.0255	0.0256	0.0257	0.0256	0.0256	0.0254	0.0252	0.025	0.0246	0.0242	0.0237	0.0231	0.0225	0.0217	0.0209	0.02	0.019	0.018	0.0168	0.0156	0.0143	0.0129	0.0115	0.01	0.0085	0.0069
0.0243	0.0246	0.0248	0.0249	0.025	0.0251	0.0252	0.0252	0.0251	0.025	0.0248	0.0245	0.0242	0.0237	0.0232	0.0226	0.022	0.0212	0.0204	0.0194	0.0184	0.0173	0.0162	0.0149	0.0136	0.0122	0.0108	0.0092	0.0077	0.0061
0.0241	0.0243	0.0245	0.0247	0.0248	0.0249	0.0249	0.0249	0.0249	0.0247	0.0245	0.0243	0.0239	0.0235	0.023	0.0224	0.0217	0.0209	0.0201	0.0191	0.0181	0.017	0.0158	0.0145	0.0132	0.0117	0.0103	0.0087	0.0071	0.0054
0	0.0536	0.1046	0.1529	0.1985	0.2414	0.2817	0.3194	0.3544	0.3867	0.4163	0.4432	0.4672	0.4884	0.5064	0.5213	0.5326	0.5402	0.5437	0.5426	0.5363	0.5241	0.505	0.4777	0.4407	0.3916	0.3274	0.2439	0.135	0
0	0.059	0.115	0.1678	0.2176	0.2644	0.3083	0.3492	0.3873	0.4226	0.455	0.4846	0.5113	0.5351	0.5559	0.5735	0.5877	0.5984	0.605	0.6072	0.6043	0.5956	0.5798	0.5555	0.5206	0.4719	0.4049	0.3125	0.1833	0
0	0.0617	0.1201	0.1751	0.227	0.2757	0.3213	0.3639	0.4036	0.4403	0.4742	0.5052	0.5333	0.5585	0.5808	0.5999	0.6158	0.6283	0.6368	0.6411	0.6406	0.6342	0.6211	0.5994	0.5668	0.5199	0.4531	0.3576	0.2175	0
0	0.0634	0.1233	0.1798	0.2329	0.2828	0.3296	0.3732	0.4139	0.4516	0.4864	0.5183	0.5473	0.5735	0.5968	0.617	0.6341	0.6477	0.6576	0.6634	0.6644	0.6599	0.6486	0.6288	0.5982	0.5527	0.4864	0.3886	0.2398	0
0	0.0645	0.1254	0.1828	0.2369	0.2876	0.3351	0.3795	0.4208	0.4592	0.4946	0.5272	0.557	0.5839	0.6079	0.629	0.6469	0.6616	0.6726	0.6796	0.682	0.6789	0.6693	0.6513	0.6224	0.5786	0.5131	0.4144	0.2593	0
1.149	1.127	1.105	1.081	1.056	1.029	1.001	0.971	0.94	0.907	0.872	0.836	0.798	0.759	0.717	0.675	0.631	0.586	0.54	0.492	0.444	0.395	0.346	0.296	0.246	0.195	0.145	0.095	0.046	0
4.612	4.528	4.438	4.342	4.241	4.134	4.02	3.901	3.774	3.642	3.503	3.357	3.204	3.045	2.879	2.708	2.532	2.35	2.165	1.975	1.782	1.586	1.388	1.188	0.987	0.786	0.586	0.387	0.19	0
10.42	10.23	10.027	9.812	9.583	9.341	9.085	8.815	8.53	8.231	7.916	7.587	7.242	6.882	6.508	6.121	5.722	5.312	4.893	4.464	4.029	3.586	3.139	2.688	2.235	1.781	1.329	0.88	0.438	0
18.622	18.282	17.921	17.536	17.128	16.696	16.238	15.755	15.246	14.71	14.148	13.558	12.941	12.297	11.628	10.935	10.221	9.488	8.737	7.971	7.191	6.4	5.6	4.793	3.982	3.171	2.363	1.562	0.772	0
29.288	28.756	28.189	27.585	26.945	26.265	25.547	24.787	23.987	23.144	22.26	21.333	20.362	19.348	18.294	17.204	16.08	14.926	13.744	12.538	11.31	10.065	8.805	7.534	6.258	4.982	3.71	2.449	1.207	0
0.031	0.031	0.031	0.031	0.031	0.031	0.031	0.031	0.031	0.031	0.031	0.03	0.03	0.03	0.029	0.028	0.028	0.027	0.026	0.025	0.024	0.023	0.022	0.021	0.02	0.018	0.017	0.015	0.014	0.012
0.112	0.113	0.114	0.114	0.115	0.115	0.115	0.115	0.115	0.114	0.113	0.112	0.111	0.109	0.107	0.104	0.101	0.098	0.095	0.091	0.087	0.082	0.078	0.072	0.067	0.061	0.055	0.049	0.043	0.036
0.242	0.244	0.246	0.248	0.249	0.25	0.25	0.25	0.249	0.248	0.246	0.243	0.24	0.236	0.231	0.225	0.219	0.212	0.204	0.195	0.185	0.175	0.164	0.152	0.139	0.126	0.112	0.098	0.083	0.068
0.422	0.426	0.429	0.432	0.434	0.435	0.436	0.436	0.435	0.433	0.429	0.425	0.419	0.411	0.402	0.392	0.381	0.367	0.353	0.337	0.319	0.3	0.28	0.259	0.236	0.212	0.186	0.16	0.133	0.105
0.652	0.658	0.664	0.668	0.672	0.674	0.675	0.675	0.673	0.67	0.664	0.657	0.648	0.636	0.622	0.606	0.587	0.566	0.543	0.517	0.49	0.46	0.427	0.393	0.356	0.318	0.277	0.236	0.192	0.148
